       0.001  0.099991255  -0.60698664
0.0010139113  0.099991024  -0.61542928
0.0010280163  0.099990755  -0.62398952
0.0010423175  0.099990502  -0.63266867
0.0010568175  0.099990241  -0.64146847
0.0010715193  0.099989966  -0.65039062
0.0010864256  0.099989682  -0.65943694
0.0011015394  0.099989399   -0.6686089
0.0011168632  0.099989094  -0.67790854
0.0011324004  0.099988788   -0.6873374
0.0011481537  0.099988475  -0.69689733
 0.001164126  0.099988163  -0.70659012
0.0011803206   0.09998782  -0.71641779
0.0011967405   0.09998747  -0.72638208
0.0012133889  0.099987127  -0.73648489
0.0012302687  0.099986762  -0.74672806
0.0012473835  0.099986404   -0.7571137
0.0012647364  0.099986032  -0.76764363
0.0012823306  0.099985629  -0.77832001
0.0013001696  0.099985227  -0.78914493
0.0013182567   0.09998481  -0.80012017
0.0013365955  0.099984393  -0.81124794
0.0013551894  0.099983953  -0.82253039
 0.001374042  0.099983506  -0.83396977
0.0013931568  0.099983044  -0.84556818
0.0014125375  0.099982567   -0.8573277
0.0014321879  0.099982068  -0.86925066
0.0014521116  0.099981569  -0.88133931
0.0014723125  0.099981062  -0.89359611
0.0014927944  0.099980526  -0.90602303
0.0015135612  0.099979974  -0.91862291
 0.001534617  0.099979423  -0.93139774
0.0015559656  0.099978834  -0.94435012
0.0015776113  0.099978246  -0.95748258
 0.001599558  0.099977635  -0.97079742
0.0016218101  0.099977002  -0.98429734
0.0016443718  0.099976376  -0.99798465
0.0016672473  0.099975705   -1.0118623
0.0016904409  0.099975012   -1.0259329
0.0017139573  0.099974342   -1.0401988
0.0017378008  0.099973619   -1.0546628
 0.001761976  0.099972881    -1.069328
0.0017864875  0.099972121   -1.0841966
0.0018113401  0.099971339    -1.099272
0.0018365383  0.099970534   -1.1145567
0.0018620872  0.099969707   -1.1300539
0.0018879913  0.099968858   -1.1457661
0.0019142559  0.099967986   -1.1616968
0.0019408859  0.099967085   -1.1778485
0.0019678862  0.099966161   -1.1942246
0.0019952622  0.099965222   -1.2108279
0.0020230191  0.099964246    -1.227662
0.0020511621  0.099963248   -1.2447299
0.0020796966  0.099962205   -1.2620348
0.0021086282  0.099961162   -1.2795798
 0.002137962  0.099960066   -1.2973684
 0.002167704  0.099958949   -1.3154039
0.0021978598  0.099957809     -1.33369
0.0022284351  0.099956624   -1.3522298
0.0022594358  0.099955402   -1.3710271
0.0022908677  0.099954151   -1.3900853
0.0023227369  0.099952877   -1.4094076
0.0023550494   0.09995155   -1.4289986
0.0023878112  0.099950194   -1.4488609
0.0024210291  0.099948779   -1.4689994
 0.002454709  0.099947363    -1.489417
0.0024888574  0.099945888   -1.5101175
0.0025234807  0.099944361   -1.5311054
 0.002558586  0.099942818   -1.5523847
0.0025941795  0.099941224    -1.573959
 0.002630268   0.09993957   -1.5958325
0.0026668587  0.099937886   -1.6180093
0.0027039584  0.099936143   -1.6404936
0.0027415741  0.099934354   -1.6632895
0.0027797134  0.099932514   -1.6864022
 0.002818383  0.099930629   -1.7098346
0.0028575906  0.099928692   -1.7335918
0.0028973436  0.099926688   -1.7576787
0.0029376496  0.099924654   -1.7820989
0.0029785165   0.09992253   -1.8068581
0.0030199517   0.09992037   -1.8319598
0.0030619635  0.099918142   -1.8574097
0.0031045596   0.09991584   -1.8832119
0.0031477483  0.099913485   -1.9093714
0.0031915379  0.099911056   -1.9358933
0.0032359366  0.099908605   -1.9627826
 0.003280953  0.099906027   -1.9900442
0.0033265955  0.099903397   -2.0176833
0.0033728732    0.0999007   -2.0457044
0.0034197944  0.099897914   -2.0741136
0.0034673684   0.09989506   -2.1029162
0.0035156044  0.099892132    -2.132117
0.0035645114    0.0998891   -2.1617222
0.0036140985  0.099886015   -2.1917362
0.0036643757  0.099882819   -2.2221658
0.0037153524  0.099879548    -2.253016
 0.003767038   0.09987618   -2.2842927
0.0038194428  0.099872701   -2.3160024
0.0038725764  0.099869147   -2.3481493
0.0039264495  0.099865489   -2.3807406
0.0039810715  0.099861763   -2.4137821
 0.004036454  0.099857874   -2.4472806
0.0040926067  0.099853911   -2.4812412
0.0041495403  0.099849805   -2.5156708
0.0042072665  0.099845625   -2.5505757
 0.004265795  0.099841304   -2.5859618
0.0043251384  0.099836871   -2.6218367
 0.004385307  0.099832319   -2.6582065
0.0044463128  0.099827632   -2.6950779
 0.004508167  0.099822812   -2.7324569
0.0045708818   0.09981785   -2.7703519
0.0046344693  0.099812768   -2.8087692
 0.004698941  0.099807546   -2.8477151
0.0047643101  0.099802159    -2.887198
0.0048305881  0.099796645   -2.9272244
0.0048977882  0.099790968   -2.9678016
0.0049659233  0.099785112   -3.0089378
 0.005035006  0.099779129   -3.0506389
0.0051050498  0.099772967   -3.0929139
0.0051760683  0.099766612   -3.1357706
0.0052480744  0.099760108   -3.1792154
0.0053210827   0.09975341   -3.2232583
 0.005395106  0.099746518   -3.2679055
0.0054701595  0.099739447   -3.3131657
0.0055462569   0.09973219   -3.3590467
0.0056234132  0.099724725   -3.4055576
0.0057016429  0.099717043   -3.4527061
0.0057809604  0.099709146   -3.5005009
0.0058613815  0.099701032   -3.5489511
0.0059429216   0.09969268   -3.5980644
0.0060255961  0.099684134   -3.6478503
0.0061094202  0.099675335   -3.6983175
0.0061944108  0.099666275   -3.7494748
0.0062805838  0.099656962   -3.8013318
0.0063679554  0.099647418   -3.8538971
0.0064565423  0.099637583   -3.9071805
0.0065463618  0.099627495   -3.9611914
0.0066374307  0.099617131   -4.0159388
0.0067297667  0.099606462    -4.071434
 0.006823387  0.099595495   -4.1276841
0.0069183097  0.099584237    -4.184701
0.0070145531  0.099572673   -4.2424941
0.0071121352  0.099560775   -4.3010731
0.0072110747  0.099548548   -4.3604488
0.0073113907  0.099535994   -4.4206309
0.0074131023   0.09952309   -4.4816308
0.0075162291   0.09950985    -4.543458
  0.00762079  0.099496201   -4.6061239
0.0077268058  0.099482208   -4.6696386
0.0078342967  0.099467807    -4.734014
0.0079432819  0.099453025   -4.7992592
0.0080537843   0.09943784   -4.8653865
0.0081658233  0.099422224   -4.9324074
0.0082794214  0.099406183   -5.0003328
0.0083945999  0.099389702   -5.0691743
0.0085113803  0.099372767   -5.1389437
0.0086297859  0.099355362   -5.2096515
 0.008749838  0.099337481   -5.2813106
  0.00887156   0.09931913   -5.3539324
0.0089949761  0.099300258   -5.4275293
0.0091201086  0.099280879   -5.5021124
0.0092469817  0.099260949   -5.5776944
0.0093756197  0.099240474   -5.6542888
0.0095060477  0.099219464   -5.7319059
0.0096382899  0.099197842   -5.8105607
0.0097723724  0.099175677   -5.8902631
0.0099083195  0.099152863   -5.9710274
 0.010046158  0.099129453   -6.0528665
 0.010185914  0.099105418   -6.1357918
 0.010327614  0.099080697   -6.2198186
 0.010471285  0.099055313   -6.3049583
 0.010616955  0.099029243   -6.3912244
 0.010764652  0.099002458    -6.478631
 0.010914403  0.098974936   -6.5671926
 0.011066237  0.098946683   -6.6569185
 0.011220184  0.098917671   -6.7478247
 0.011376273  0.098887861   -6.8399262
 0.011534533  0.098857239   -6.9332356
 0.011694994  0.098825797   -7.0277658
 0.011857687  0.098793514   -7.1235318
 0.012022644  0.098760352   -7.2205462
 0.012189896  0.098726302   -7.3188248
 0.012359475  0.098691329   -7.4183793
 0.012531412  0.098655403   -7.5192266
 0.012705741  0.098618552   -7.6213789
 0.012882495  0.098580673   -7.7248507
 0.013061709  0.098541796   -7.8296571
 0.013243415  0.098501876    -7.935811
  0.01342765   0.09846089   -8.0433283
 0.013614447  0.098418809   -8.1522226
 0.013803842  0.098375611   -8.2625074
 0.013995873  0.098331273    -8.374197
 0.014190575  0.098285742   -8.4873085
 0.014387986  0.098239005   -8.6018534
 0.014588143  0.098191015   -8.7178459
 0.014791084  0.098141767   -8.8353024
 0.014996848  0.098091222   -8.9542351
 0.015205476  0.098039351   -9.0746613
 0.015417005  0.097986102   -9.1965923
 0.015631476   0.09793146   -9.3200436
 0.015848933  0.097875386   -9.4450283
 0.016069412  0.097817838   -9.5715609
 0.016292959  0.097758777   -9.6996527
 0.016519617  0.097698204   -9.8293238
 0.016749429  0.097636037   -9.9605846
 0.016982436  0.097572252   -10.093447
 0.017218687  0.097506806   -10.227925
 0.017458221  0.097439691   -10.364035
 0.017701089  0.097370833   -10.501786
 0.017947337  0.097300202   -10.641195
 0.018197009   0.09722773   -10.782273
 0.018450154  0.097153433   -10.925034
 0.018706821  0.097077228   -11.069487
 0.018967059  0.096999057   -11.215646
 0.019230917  0.096918941   -11.363523
 0.019498445  0.096836761    -11.51313
 0.019769697  0.096752502   -11.664478
  0.02004472   0.09666612    -11.81758
 0.020323571  0.096577555   -11.972444
   0.0206063  0.096486792   -12.129081
 0.020892961  0.096393757     -12.2875
 0.021183612  0.096298389   -12.447716
 0.021478305  0.096200652    -12.60973
 0.021777097  0.096100494   -12.773558
 0.022080047   0.09599787   -12.939206
 0.022387212  0.095892705   -13.106684
 0.022698648  0.095784977   -13.275991
 0.023014419  0.095674604   -13.447146
 0.023334581  0.095561564   -13.620147
 0.023659198  0.095445767   -13.795002
 0.023988329  0.095327206   -13.971715
  0.02432204  0.095205761   -14.150297
 0.024660394  0.095081419   -14.330743
 0.025003454  0.094954111   -14.513062
 0.025351286    0.0948238   -14.697254
 0.025703957  0.094690382   -14.883326
 0.026061535  0.094553836   -15.071272
 0.026424088    0.0944141   -15.261098
 0.026791682  0.094271101   -15.452798
 0.027164392  0.094124787   -15.646377
 0.027542287  0.093975104    -15.84183
 0.027925439  0.093821995   -16.039152
  0.02831392  0.093665384    -16.23834
 0.028707806  0.093505211   -16.439392
 0.029107172   0.09334144   -16.642298
 0.029512092  0.093173996   -16.847052
 0.029922646  0.093002833   -17.053646
 0.030338911  0.092827864   -17.262074
 0.030760968  0.092649065   -17.472317
 0.031188896  0.092466339   -17.684376
 0.031622775  0.092279643   -17.898226
 0.032062694   0.09208893   -18.113869
 0.032508731  0.091894127   -18.331268
  0.03296097  0.091695204   -18.550421
 0.033419505  0.091492079   -18.771311
 0.033884417  0.091284692   -18.993912
 0.034355793  0.091072999   -19.218204
 0.034833733  0.090856947   -19.444172
 0.035318319  0.090636469   -19.671783
 0.035809644  0.090411559   -19.901018
 0.036307804  0.090182103   -20.131849
 0.036812898  0.089948095    -20.36425
 0.037325017  0.089709468   -20.598186
 0.037844259  0.089466184   -20.833632
 0.038370725  0.089218184   -21.070551
 0.038904514  0.088965438   -21.308907
 0.039445732  0.088707902    -21.54867
 0.039994475  0.088445552   -21.789795
 0.040550854  0.088178314   -22.032248
 0.041114971  0.087906167    -22.27598
 0.041686937  0.087629102   -22.520958
 0.042266861  0.087347068    -22.76713
 0.042854853  0.087060012   -23.014448
 0.043451022  0.086767957   -23.262867
 0.044055488   0.08647085   -23.512341
 0.044668358  0.086168669   -23.762804
 0.045289759  0.085861415   -24.014215
 0.045919802  0.085549049    -24.26651
 0.046558611  0.085231572   -24.519634
 0.047206305   0.08490897   -24.773529
  0.04786301  0.084581234    -25.02813
  0.04852885  0.084248379   -25.283373
 0.049203955  0.083910391   -25.539198
 0.049888447  0.083567269    -25.79553
 0.050582465  0.083219029   -26.052307
 0.051286139  0.082865663   -26.309458
 0.051999599  0.082507245     -26.5669
 0.052722987  0.082143731    -26.82457
 0.053456437  0.081775159   -27.082386
  0.05420009  0.081401579   -27.340275
 0.054954089  0.081022993   -27.598148
 0.055718575  0.080639444   -27.855928
 0.056493696  0.080250986   -28.113529
 0.057279602  0.079857633    -28.37088
 0.058076441  0.079459459   -28.627878
 0.058884367  0.079056472   -28.884447
 0.059703529  0.078648776   -29.140484
 0.060534086  0.078236409   -29.395903
 0.061376199  0.077819429   -29.650621
 0.062230028   0.07739789    -29.90453
 0.063095734  0.076971896   -30.157543
 0.063973486  0.076541491   -30.409563
 0.064863443  0.076106749   -30.660486
 0.065765783  0.075667784   -30.910221
 0.066680677  0.075224675   -31.158665
 0.067608297  0.074777476   -31.405712
 0.068548821  0.074326321   -31.651264
 0.069502428  0.073871262   -31.895218
 0.070469305  0.073412463    -32.13747
  0.07144963  0.072949976   -32.377911
 0.072443597  0.072483912   -32.616432
 0.073451385  0.072014391    -32.85294
 0.074473195   0.07154154   -33.087315
  0.07550922  0.071065448   -33.319454
 0.076559663  0.070586249   -33.549244
 0.077624708  0.070104077   -33.776581
 0.078704581  0.069619022   -34.001354
 0.079799466   0.06913124   -34.223457
 0.080909587  0.068640858   -34.442772
 0.082035154  0.068147972   -34.659195
 0.083176374  0.067652769   -34.872608
 0.084333479  0.067155331   -35.082909
  0.08550667  0.066655837   -35.289982
 0.086696185  0.066154383   -35.493721
 0.087902255  0.065651149   -35.694008
 0.089125097  0.065146267   -35.890732
 0.090364948  0.064639859    -36.08379
 0.091622047  0.064132072   -36.273067
  0.09289664  0.063623071   -36.458466
 0.094188958  0.063112959   -36.639847
 0.095499262  0.062601902   -36.817127
 0.096827783   0.06209005   -36.990189
 0.098174796  0.061577536    -37.15892
 0.099540539  0.061064523   -37.323219
  0.10092529  0.060551133   -37.482967
   0.1023293  0.060037505   -37.638069
  0.10375284  0.059523787    -37.78841
  0.10519619  0.059010144    -37.93388
  0.10665961  0.058496684   -38.074383
   0.1081434  0.057983555   -38.209808
  0.10964782  0.057470903   -38.340046
  0.11117318  0.056958858      -38.465
  0.11271974  0.056447562    -38.58456
  0.11428783   0.05593713   -38.698627
  0.11587773  0.055427726   -38.807091
  0.11748976  0.054919455   -38.909855
   0.1191242  0.054412447   -39.006821
  0.12078138  0.053906851    -39.09787
  0.12246162  0.053402763   -39.182919
  0.12416523  0.052900326   -39.261864
  0.12589253  0.052399654   -39.334595
  0.12764388  0.051900856    -39.40102
  0.12941958  0.051404063    -39.46104
  0.13121998  0.050909381   -39.514549
  0.13304543  0.050416924   -39.561447
  0.13489629  0.049926791   -39.601639
  0.13677289  0.049439084   -39.635033
  0.13867559  0.048953936   -39.661514
  0.14060475  0.048471425   -39.680996
  0.14256077  0.047991652   -39.693371
  0.14454398  0.047514703    -39.69854
  0.14655478  0.047040705   -39.696411
  0.14859356  0.046569705   -39.686874
  0.15066071   0.04610182   -39.669838
   0.1527566  0.045637134   -39.645195
  0.15488166  0.045175713   -39.612843
  0.15703627  0.044717662   -39.572685
  0.15922087  0.044263043   -39.524612
  0.16143586  0.043811928   -39.468521
  0.16368166  0.043364406   -39.404312
  0.16595869  0.042920534   -39.331875
   0.1682674  0.042480379   -39.251091
  0.17060824  0.042044025   -39.161869
  0.17298163  0.041611526   -39.064087
  0.17538805  0.041182939   -38.957634
  0.17782794  0.040758338     -38.8424
  0.18030177  0.040337779   -38.718266
  0.18281002  0.039921295   -38.585102
  0.18535316   0.03950898   -38.442799
  0.18793169  0.039100859   -38.291225
  0.19054607  0.038696986   -38.130253
  0.19319683   0.03829743   -37.959755
  0.19588447  0.037902229   -37.779602
  0.19860949  0.037511416   -37.589645
  0.20137243   0.03712507   -37.389751
  0.20417379  0.036743212    -37.17976
  0.20701413  0.036365904   -36.959545
  0.20989399  0.035993166   -36.728928
   0.2128139  0.035625074   -36.487759
  0.21577445  0.035261657    -36.23587
  0.21877617  0.034902953   -35.973083
  0.22181964  0.034549017   -35.699234
  0.22490546  0.034199897   -35.414124
  0.22803421  0.033855628   -35.117561
  0.23120648  0.033516265   -34.809349
  0.23442288   0.03318185   -34.489277
  0.23768403  0.032852437    -34.15712
  0.24099055  0.032528076   -33.812672
  0.24434306  0.032208823   -33.455669
  0.24774221  0.031894732   -33.085876
  0.25118864   0.03158585   -32.703033
  0.25468302  0.031282261   -32.306866
  0.25822601  0.030984009   -31.897078
  0.26181829  0.030691179   -31.473383
  0.26546055  0.030403841   -31.035456
  0.26915348  0.030122081   -30.582983
  0.27289778  0.029845987   -30.115587
  0.27669418  0.029575638   -29.632914
  0.28054336  0.029311154   -29.134581
  0.28444612  0.029052638   -28.620159
  0.28840315  0.028800216   -28.089231
  0.29241523   0.02855402   -27.541338
  0.29648313  0.028314186   -26.975986
  0.30060762  0.028080884    -26.39267
  0.30478951  0.027854292   -25.790844
  0.30902955  0.027634598   -25.169937
  0.31332856  0.027422015   -24.529324
  0.31768739  0.027216779   -23.868372
  0.32210687  0.027019158   -23.186373
  0.32658783  0.026829436   -22.482611
  0.33113113  0.026647942   -21.756296
  0.33573762  0.026475031   -21.006609
  0.34040818  0.026311111   -20.232666
  0.34514374  0.026156634   -19.433531
  0.34994516  0.026012098   -18.608202
   0.3548134  0.025878081   -17.755619
  0.35974935  0.025755219   -16.874672
  0.36475396   0.02564423   -15.964141
  0.36982819   0.02554594   -15.022767
    0.374973  0.025461281   -14.049201
  0.38018939  0.025391296   -13.042005
  0.38547835  0.025337206   -11.999687
  0.39084089  0.025300385   -10.920643
  0.39627802  0.025282435   -9.8032036
   0.4017908  0.025285171   -8.6456213
  0.40738028  0.025310718    -7.446074
  0.41304749  0.025361557    -6.202692
  0.41879356  0.025440546   -4.9135237
  0.42461956  0.025551058   -3.5766392
  0.43052661  0.025697082   -2.1900969
  0.43651584  0.025883311  -0.75200826
  0.44258836  0.026115362    0.7393651
   0.4487454  0.026399964    2.2856078
  0.45498806  0.026745243    3.8879449
  0.46131757  0.027161056    5.5471535
  0.46773514  0.027659526    7.2633252
  0.47424197   0.02825564    9.0355635
  0.48083934  0.028968103    10.861692
   0.4875285  0.029820586    12.737634
  0.49431068  0.030843358    14.656733
  0.50118721  0.032075711    16.608793
  0.50815946  0.033569492    18.578609
  0.51522863  0.035394277    20.543777
  0.52239621  0.037645664    22.471663
  0.52966344  0.040457834    24.314201
  0.53703177  0.044024955    25.999664
  0.54450268  0.048636809    27.418253
  0.55207741  0.054741777    28.395645
  0.55975759  0.063061349    28.641466
  0.56754458   0.07479535    27.641939
  0.57543993  0.091941237    24.424686
  0.58344513   0.11731797    17.059517
  0.59156162   0.15068775    2.0751252
  0.59979105   0.17107016   -22.581455
  0.60813498   0.15049225   -47.589096
  0.61659503    0.1159302   -63.048489
  0.62517267  0.089574307   -70.676521
  0.63386971  0.071817942    -74.01059
  0.64268774  0.059695195    -75.04818
  0.65162838  0.051105116   -74.795158
  0.66069347  0.044792287   -73.781273
  0.66988462  0.040006306   -72.304939
  0.67920363  0.036282845   -70.544823
  0.68865228  0.033323213   -68.613228
  0.69823241  0.030928072   -66.583405
  0.70794576   0.02896007   -64.504456
   0.7177943  0.027321778   -62.409695
  0.72777981  0.025942465   -60.321964
  0.73790425  0.024769632   -58.256828
  0.74816948  0.023763623   -56.224792
  0.75857759  0.022893971    -54.23267
  0.76913047  0.022136951   -52.284718
   0.7798301   0.02147386   -50.383297
  0.79067862  0.020889767   -48.529381
  0.80167806  0.020372653   -46.722996
  0.81283051   0.01991275   -44.963482
   0.8241381  0.019502047    -43.24968
    0.835603  0.019133927   -41.580139
  0.84722739  0.018802892   -39.953175
   0.8590135  0.018504342   -38.366997
  0.87096357  0.018234404   -36.819748
  0.88307989  0.017989798   -35.309582
  0.89536476  0.017767735   -33.834656
  0.90782052  0.017565839   -32.393173
  0.92044955  0.017382054   -30.983408
   0.9332543  0.017214622   -29.603708
  0.94623715  0.017062021   -28.252497
  0.95940065  0.016922917   -26.928278
  0.97274721  0.016796162   -25.629646
  0.98627949   0.01668074   -24.355268
           1  0.016575767    -23.10391
   1.0139114  0.016480463   -21.874395
   1.0280163  0.016394138   -20.665642
   1.0423174  0.016316187   -19.476629
   1.0568175  0.016246067   -18.306408
   1.0715193  0.016183304   -17.154095
   1.0864257   0.01612746   -16.018858
   1.1015393  0.016078163   -14.899951
   1.1168633  0.016035074   -13.796636
   1.1324004  0.015997879   -12.708271
   1.1481537  0.015966309   -11.634239
    1.164126  0.015940122   -10.573966
   1.1803206  0.015919087   -9.5269327
   1.1967405  0.015903015   -8.4926405
   1.2133888  0.015891723   -7.4706316
   1.2302687  0.015885048   -6.4604979
   1.2473835  0.015882842   -5.4618282
   1.2647363  0.015884979   -4.4742804
   1.2823306  0.015891336   -3.4975142
   1.3001696  0.015901806   -2.5312197
   1.3182567  0.015916295   -1.5751207
   1.3365955  0.015934708  -0.62893379
   1.3551894  0.015956974   0.30756506
    1.374042  0.015983015     1.234612
   1.3931568  0.016012775    2.1524103
   1.4125376  0.016046189    3.0611575
   1.4321879  0.016083211     3.961024
   1.4521116  0.016123796    4.8521724
   1.4723125  0.016167894    5.7347522
   1.4927944  0.016215481    6.6089101
   1.5135612  0.016266517    7.4747629
   1.5346169  0.016320974    8.3324175
   1.5559657  0.016378833    9.1820049
   1.5776113  0.016440067    10.023598
    1.599558  0.016504664    10.857297
   1.6218101   0.01657261    11.683178
   1.6443717  0.016643886    12.501326
   1.6672472  0.016718486    13.311794
   1.6904409  0.016796406    14.114653
   1.7139573  0.016877646    14.909966
   1.7378008  0.016962193    15.697772
    1.761976   0.01705005    16.478123
   1.7864876  0.017141221    17.251051
   1.8113401  0.017235709    18.016619
   1.8365383  0.017333524    18.774836
   1.8620871  0.017434664    19.525747
   1.8879913  0.017539142    20.269377
    1.914256  0.017646967     21.00576
   1.9408859   0.01775815    21.734905
   1.9678863  0.017872708    22.456846
   1.9952623  0.017990647    23.171595
   2.0230191  0.018111993    23.879181
   2.0511622  0.018236753    24.579611
   2.0796967  0.018364947    25.272902
    2.108628  0.018496595    25.959064
   2.1379621  0.018631717    26.638124
   2.1677041  0.018770335    27.310083
   2.1978598  0.018912468    27.974951
    2.228435  0.019058144    28.632751
   2.2594357  0.019207379    29.283482
   2.2908676  0.019360207     29.92717
   2.3227367  0.019516647    30.563805
   2.3550494   0.01967673    31.193417
   2.3878112  0.019840477    31.815994
   2.4210291  0.020007923    32.431564
   2.4547088  0.020179095    33.040134
   2.4888573  0.020354025    33.641716
   2.5234807  0.020532738    34.236309
   2.5585859  0.020715274    34.823948
   2.5941794  0.020901658    35.404621
   2.6302681  0.021091925    35.978348
   2.6668587  0.021286117    36.545147
   2.7039583  0.021484254    37.105015
   2.7415743   0.02168639    37.657997
   2.7797132   0.02189254    38.204071
    2.818383  0.022102755    38.743271
   2.8575904  0.022317072    39.275608
   2.8973436  0.022535529    39.801102
   2.9376497   0.02275816    40.319759
   2.9785163  0.022985009    40.831612
   3.0199518  0.023216115    41.336658
   3.0619633  0.023451522    41.834927
   3.1045597  0.023691272    42.326443
   3.1477482  0.023935406    42.811207
   3.1915379  0.024183966    43.289253
   3.2359366  0.024436997    43.760593
   3.2809529  0.024694547    44.225262
   3.3265955  0.024956655    44.683266
   3.3728731  0.025223376    45.134624
   3.4197943  0.025494751     45.57938
   3.4673686  0.025770834    46.017532
   3.5156045  0.026051665    46.449127
   3.5645113  0.026337294    46.874157
   3.6140985  0.026627779    47.292675
   3.6643758  0.026923159    47.704697
   3.7153523  0.027223496    48.110241
   3.7670381  0.027528835    48.509342
   3.8194427  0.027839236     48.90202
   3.8725765  0.028154738    49.288296
   3.9264493  0.028475404    49.668209
   3.9810717  0.028801292    50.041779
   4.0364537  0.029132452    50.409023
   4.0926065  0.029468937    50.769978
   4.1495404  0.029810809    51.124676
   4.2072663  0.030158127    51.473133
   4.2657952  0.030510945    51.815388
   4.3251381  0.030869318    52.151451
   4.3853068  0.031233313    52.481373
   4.4463129  0.031602982    52.805164
   4.5081673  0.031978395     53.12286
   4.5708818  0.032359608    53.434486
    4.634469  0.032746669    53.740063
   4.6989412  0.033139665    54.039635
   4.7643099  0.033538643    54.333218
   4.8305879  0.033943675    54.620846
    4.897788   0.03435481    54.902538
   4.9659233  0.034772139    55.178329
    5.035006  0.035195705    55.448246
   5.1050501  0.035625581    55.712322
   5.1760683  0.036061831     55.97057
   5.2480745  0.036504529    56.223026
   5.3210826  0.036953729    56.469723
   5.3951063   0.03740951    56.710674
   5.4701595  0.037871942    56.945915
    5.546257  0.038341086    57.175468
   5.6234131  0.038817026    57.399368
   5.7016425  0.039299816    57.617634
   5.7809606  0.039789531    57.830288
   5.8613815  0.040286239    58.037357
   5.9429216  0.040790021    58.238873
   6.0255957  0.041300938    58.434856
   6.1094203  0.041819073     58.62534
   6.1944108  0.042344484    58.810333
   6.2805834  0.042877249    58.989864
   6.3679552  0.043417454    59.163967
   6.4565425  0.043965161    59.332664
   6.5463619  0.044520441    59.495956
   6.6374307  0.045083355    59.653893
   6.7297664   0.04565401     59.80648
   6.8233871  0.046232466    59.953751
   6.9183097  0.046818778    60.095718
   7.0145531  0.047413036    60.232407
   7.1121349  0.048015308    60.363838
   7.2110748  0.048625682    60.490032
   7.3113909  0.049244214    60.611012
   7.4131026   0.04987099    60.726791
   7.5162292  0.050506074    60.837395
     7.62079   0.05114954    60.942837
   7.7268057  0.051801473     61.04314
   7.8342962  0.052461937    61.138325
   7.9432821  0.053131003    61.228401
   8.0537844  0.053808749    61.313396
   8.1658239   0.05449523    61.393322
   8.2794218  0.055190533    61.468189
   8.3945999  0.055894729    61.538029
   8.5113802   0.05660788    61.602848
   8.6297855  0.057330057    61.662663
   8.7498379  0.058061328    61.717495
   8.8715601  0.058801755    61.767349
    8.994976   0.05955141    61.812248
   9.1201086  0.060310356    61.852207
   9.2469816  0.061078668    61.887234
   9.3756199  0.061856389    61.917355
   9.5060482  0.062643595     61.94257
   9.6382904  0.063440338    61.962898
   9.7723722  0.064246684    61.978359
   9.9083195  0.065062679    61.988956
   10.046158   0.06588839    61.994709
   10.185914  0.066723861    61.995628
   10.327614  0.067569144    61.991722
   10.471286  0.068424307    61.983009
   10.616956  0.069289349    61.969498
   10.764652  0.070164382    61.951206
   10.914403  0.071049392    61.928139
   11.066237   0.07194446    61.900311
   11.220184  0.072849594    61.867733
   11.376273  0.073764846    61.830421
   11.534533  0.074690253    61.788387
   11.694994  0.075625822    61.741627
   11.857688  0.076571599    61.690174
   12.022644  0.077527598    61.634029
   12.189896  0.078493834    61.573204
   12.359474  0.079470351    61.507717
   12.531412  0.080457143    61.437569
   12.705741  0.081454203    61.362778
   12.882496  0.082461551     61.28336
   13.061708  0.083479196    61.199326
   13.243415  0.084507123     61.11068
   13.427649  0.085545331    61.017445
   13.614447  0.086593822    60.919632
   13.803843  0.087652534    60.817249
   13.995873  0.088721499    60.710316
   14.190576  0.089800656     60.59885
   14.387986  0.090889983    60.482849
   14.588142  0.091989443    60.362347
   14.791084  0.093098991     60.23735
   14.996848  0.094218604    60.107876
   15.205475  0.095348209    59.973938
   15.417005  0.096487746    59.835556
   15.631476  0.097637147    59.692745
   15.848932  0.098796338    59.545528
   16.069412  0.099965274    59.393925
   16.292961   0.10114384    59.237942
   16.519617   0.10233193    59.077614
    16.74943   0.10352951    58.912952
   16.982437    0.1047364     58.74398
   17.218685   0.10595253    58.570724
   17.458221    0.1071778    58.393204
    17.70109   0.10841206    58.211449
   17.947336   0.10965518    58.025471
   18.197008   0.11090703    57.835308
   18.450153   0.11216746    57.640984
   18.706821   0.11343632    57.442528
    18.96706   0.11471343    57.239967
   19.230917   0.11599864    57.033325
   19.498446   0.11729178    56.822647
   19.769697   0.11859265    56.607956
    20.04472   0.11990104    56.389286
    20.32357    0.1212168    56.166668
   20.606298   0.12253967     55.94014
   20.892962   0.12386949    55.709743
   21.183611   0.12520598    55.475521
   21.478304   0.12654895    55.237495
   21.777098   0.12789814    54.995712
   22.080048   0.12925333    54.750225
   22.387211   0.13061424    54.501072
   22.698648    0.1319806    54.248287
   23.014418   0.13335216    53.991928
   23.334581   0.13472867    53.732037
   23.659197    0.1361098     53.46867
   23.988329   0.13749529    53.201866
   24.322041   0.13888483    52.931683
   24.660393    0.1402781    52.658173
   25.003454   0.14167485     52.38139
   25.351286   0.14307471    52.101387
   25.703959   0.14447737    51.818226
   26.061535   0.14588249    51.531963
   26.424088   0.14728975    51.242657
   26.791683   0.14869884    50.950371
   27.164392   0.15010938    50.655163
   27.542288   0.15152104    50.357105
   27.925438   0.15293345    50.056255
   28.313919   0.15434626    49.752682
   28.707806   0.15575911    49.446453
   29.107172   0.15717165    49.137642
   29.512093   0.15858351    48.826313
   29.922646    0.1599943    48.512539
   30.338911   0.16140367    48.196396
   30.760967   0.16281123    47.877945
   31.188896   0.16421664    47.557278
   31.622776   0.16561949    47.234463
   32.062695   0.16701944    46.909565
   32.508728   0.16841605    46.582691
   32.960972   0.16980903    46.253895
   33.419502   0.17119792     45.92326
   33.884415   0.17258242    45.590874
   34.355793   0.17396215    45.256813
   34.833733   0.17533667     44.92115
   35.318317   0.17670569    44.583984
   35.809643   0.17806882    44.245392
   36.307804   0.17942572     43.90546
   36.812897   0.18077601    43.564255
   37.325016   0.18211935    43.221874
   37.844257   0.18345538    42.878407
   38.370724   0.18478379    42.533928
   38.904514   0.18610425    42.188526
   39.445728   0.18741636    41.842289
   39.994476   0.18871987    41.495296
   40.550854   0.19001445    41.147636
   41.114971   0.19129978    40.799385
   41.686939   0.19257556    40.450645
   42.266861   0.19384149    40.101486
   42.854851   0.19509731    39.751995
   43.451023   0.19634278    39.402248
   44.055485   0.19757752    39.052345
   44.668358   0.19880138    38.702354
   45.289757   0.20001407    38.352364
     45.9198   0.20121534    38.002457
   46.558609   0.20240502    37.652699
   47.206303   0.20358282    37.303188
    47.86301   0.20474856    36.953999
   48.528851   0.20590203    36.605202
   49.203953   0.20704305    36.256886
   49.888451   0.20817149    35.909115
   50.582466   0.20928714    35.561966
   51.286137   0.21038981    35.215519
   51.999599   0.21147943    34.869839
   52.722984   0.21255581    34.524994
   53.456436   0.21361887    34.181068
   54.200089   0.21466844    33.838123
   54.954086   0.21570446     33.49622
   55.718575   0.21672684     33.15543
   56.493698   0.21773547    32.815815
   57.279602   0.21873029     32.47744
   58.076443   0.21971129    32.140369
   58.884365   0.22067833    31.804655
   59.703529   0.22163148     31.47036
   60.534088    0.2225706    31.137541
   61.376202   0.22349574    30.806252
    62.23003   0.22440684    30.476547
   63.095734   0.22530396    30.148474
   63.973484   0.22618704    29.822094
   64.863441   0.22705615    29.497438
   65.765785   0.22791125     29.17457
   66.680679   0.22875246    28.853527
   67.608299   0.22957976    28.534351
    68.54882   0.23039322    28.217091
   69.502434   0.23119292    27.901781
   70.469307   0.23197888    27.588457
   71.449631   0.23275115    27.277163
   72.443596   0.23350987    26.967934
   73.451385   0.23425514    26.660788
   74.473198   0.23498698    26.355778
   75.509224   0.23570545    26.052929
   76.559662   0.23641078    25.752262
    77.62471   0.23710303     25.45381
   78.704582   0.23778231    25.157597
   79.799469   0.23844872    24.863646
   80.909592   0.23910239    24.571981
   82.035156   0.23974341    24.282625
   83.176376   0.24037197    23.995596
   84.333473   0.24098822    23.710913
   85.506668   0.24159223    23.428587
    86.69619   0.24218415    23.148638
   87.902252   0.24276417    22.871082
   89.125092   0.24333242    22.595928
   90.364944   0.24388905    22.323189
   91.622047   0.24443415    22.052876
   92.896637   0.24496797    21.784994
   94.188957   0.24549061    21.519558
    95.49926   0.24600227    21.256565
   96.827789   0.24650304    20.996027
   98.174797   0.24699309    20.737949
   99.540543   0.24747266    20.482328
   100.92529   0.24794184    20.229172
    102.3293   0.24840082    19.978476
   103.75284   0.24884973    19.730244
   105.19619   0.24928875    19.484474
   106.65961   0.24971808    19.241169
   108.14339   0.25013784    19.000317
   109.64782   0.25054821    18.761923
   111.17317   0.25094935    18.525976
   112.71974    0.2513414    18.292471
   114.28783   0.25172457    18.061405
   115.87774   0.25209895    17.832771
   117.48975   0.25246474    17.606564
    119.1242   0.25282213    17.382769
   120.78138   0.25317121    17.161381
   122.46162    0.2535122    16.942389
   124.16523   0.25384521    16.725784
   125.89254   0.25417042    16.511555
   127.64388   0.25448796     16.29969
   129.41959     0.254798    16.090178
   131.21999    0.2551007    15.883005
   133.04544   0.25539616    15.678164
   134.89629   0.25568455    15.475632
   136.77289   0.25596607    15.275398
   138.67558   0.25624079    15.077456
   140.60475   0.25650886    14.881783
   142.56076   0.25677046    14.688365
   144.54398   0.25702569    14.497192
   146.55478   0.25727472    14.308244
   148.59357   0.25751761    14.121503
   150.66071   0.25775459     13.93696
   152.75661   0.25798571    13.754589
   154.88167   0.25821117    13.574381
   157.03629   0.25843102    13.396318
   159.22087   0.25864545    13.220381
   161.43585   0.25885454    13.046552
   163.68166   0.25905842    12.874815
   165.95869    0.2592572    12.705152
   168.26741   0.25945094    12.537546
   170.60825   0.25963992    12.371976
   172.98163    0.2598241    12.208428
   175.38805   0.26000363    12.046881
   177.82794   0.26017866    11.887318
   180.30177   0.26034921     11.72972
   182.81003   0.26051548    11.574067
   185.35316   0.26067755    11.420342
   187.93169   0.26083544     11.26853
   190.54607   0.26098934     11.11861
   193.19684   0.26113927    10.970558
   195.88446   0.26128539    10.824365
    198.6095   0.26142776    10.680003
   201.37242   0.26156646    10.537458
    204.1738   0.26170161    10.396713
   207.01413   0.26183328    10.257747
   209.89398   0.26196155    10.120543
    212.8139   0.26208651    9.9850788
   215.77444   0.26220822    9.8513393
   218.77617   0.26232678     9.719305
   221.81964   0.26244226    9.5889587
   224.90546   0.26255473    9.4602823
   228.03421   0.26266432    9.3332558
   231.20648   0.26277104      9.20786
   234.42288   0.26287496    9.0840807
   237.68404   0.26297617    8.9618969
   240.99054    0.2630747    8.8412905
   244.34305   0.26317072    8.7222443
    247.7422   0.26326421     8.604743
   251.18864   0.26335523    8.4887657
   254.68303   0.26344386    8.3742971
   258.22601   0.26353011    8.2613173
    261.8183   0.26361418    8.1498108
   265.46057   0.26369596    8.0397606
   269.15347   0.26377568     7.931149
   272.89777   0.26385325    7.8239598
   276.69415   0.26392877    7.7181749
   280.54337   0.26400223    7.6137781
   284.44611   0.26407382    7.5107532
   288.40314    0.2641435    7.4090848
   292.41525   0.26421133    7.3087521
   296.48312   0.26427734    7.2097459
   300.60764   0.26434165    7.1120448
   304.78949   0.26440421    7.0156345
   309.02954   0.26446509    6.9204998
   313.32858   0.26452443    6.8266234
   317.68741   0.26458216    6.7339921
   322.10687    0.2646383    6.6425896
   326.58783   0.26469299    6.5524011
   331.13113   0.26474625    6.4634104
   335.73761   0.26479802    6.3756042
    340.4082   0.26484847    6.2889657
   345.14374   0.26489756    6.2034817
   349.94516   0.26494527    6.1191378
   354.81339   0.26499179    6.0359182
   359.74933   0.26503703    5.9538112
   364.75394   0.26508105    5.8728018
   369.82819    0.2651239    5.7928743
   374.97299   0.26516563    5.7140169
   380.18939   0.26520616    5.6362152
   385.47836   0.26524568    5.5594563
   390.84088   0.26528412     5.483727
   396.27805   0.26532155    5.4090123
    401.7908   0.26535797    5.3353014
   407.38028   0.26539341    5.2625804
   413.04752    0.2654278    5.1908369
   418.79358   0.26546139     5.120059
   424.61957   0.26549402    5.0502329
   430.52661   0.26552579    4.9813457
   436.51584   0.26555672    4.9133868
   442.58838   0.26558679    4.8463435
   448.74539   0.26561609    4.7802052
   454.98807   0.26564455    4.7149572
   461.31757    0.2656723    4.6505909
   467.73514   0.26569927    4.5870934
   474.24197   0.26572549    4.5244532
   480.83936   0.26575103    4.4626589
    487.5285   0.26577589       4.4017
    494.3107   0.26580003    4.3415656
   501.18723   0.26582354    4.2822452
   508.15945   0.26584646    4.2237263
   515.22864   0.26586872    4.1659999
   522.39618   0.26589045    4.1090546
   529.66345   0.26591152    4.0528812
    537.0318   0.26593199    3.9974697
   544.50262   0.26595199    3.9428084
   552.07745   0.26597139    3.8888888
   559.75763   0.26599029    3.8356996
   567.54462   0.26600865    3.7832325
   575.43994   0.26602653    3.7314777
   583.44513   0.26604396    3.6804249
   591.56165   0.26606086    3.6300659
   599.79108   0.26607734      3.58039
   608.13501   0.26609337    3.5313897
   616.59503   0.26610896    3.4830549
   625.17267   0.26612413    3.4353774
   633.86969   0.26613891    3.3883471
   642.68774   0.26615322    3.3419569
   651.62842   0.26616722    3.2961977
   660.69342   0.26618084    3.2510602
   669.88458   0.26619402     3.206538
   679.20361   0.26620686    3.1626208
   688.65228   0.26621944    3.1193008
   698.23242   0.26623157    3.0765717
    707.9458   0.26624346    3.0344236
   717.79431   0.26625496    2.9928498
   727.77979    0.2662662    2.9518423
   737.90424   0.26627707    2.9113932
   748.16949   0.26628771    2.8714952
   758.57758   0.26629803    2.8321412
   769.13043   0.26630807     2.793323
   779.83014   0.26631784    2.7550342
   790.67865   0.26632735    2.7172673
   801.67804   0.26633662    2.6800153
   812.83051   0.26634556    2.6432712
   824.13812   0.26635435     2.607028
   835.60303   0.26636288    2.5712793
   847.22742   0.26637116    2.5360181
   859.01355   0.26637924    2.5012379
   870.96356   0.26638705    2.4669323
    883.0799    0.2663947    2.4330943
   895.36475    0.2664021    2.3997185
   907.82056   0.26640934    2.3667977
   920.44958   0.26641631    2.3343265
   933.25427   0.26642311     2.302299
   946.23718   0.26642978    2.2707078
   959.40063   0.26643628     2.239548
   972.74725   0.26644254    2.2088137
   986.27948   0.26644868    2.1784987
        1000   0.26645461    2.1485984